50
198.89495636740332 362.28975119755614
564.6602490246514 470.0093100250562
381.50866790653765 30.892169584013857
398.4506897988342 342.11187993693824
643.1202523973504 709.1597444321358
264.8900806376598 84.9568124820882
472.6989072909304 488.86714329476246
702.8518760881389 517.1826186295489
755.7512117217415 220.74654106679316
582.3715393672285 673.8970571442985
557.167341770842 213.02720005946537
341.1367473445513 694.3702073122649
428.78075503346463 510.7738060939317
54.98037693808533 426.7499798658413
504.0918656325391 514.8895384588412
470.6365826865965 546.1929291943691
494.2320657259707 504.1344934187404
115.90005580041554 545.7646063153471
837.1111013822625 724.9945520140734
279.7644559907096 736.843965483026
59.935488031276236 479.2824138800753
389.87973713378307 648.2585478134345
446.63668278083566 557.1056955140866
766.8912605892224 737.8114116831557
636.91003283494 150.23548704331978
585.113339438501 76.94932615500875
566.6388567396191 459.4562351077177
587.9630984055843 464.27000739996066
538.0763538594832 108.37826370104091
747.0527386672193 346.7023232164539
32.265136993512954 493.48079081293935
435.35766081969535 430.1734875168003
259.2677539093403 465.37188949410546
496.28475592561495 458.5838691724385
570.974093591472 339.1051564772963
4.102563274608372 502.6705024233573
398.67347977878023 69.98135479284622
52.333053885860636 595.7298413986597
890.0454626681512 724.8806255977629
385.28029974286017 474.16552566461615
540.58349518336 821.7907751264304
711.5563984861724 422.73827960114363
791.0190226452605 498.42184690505945
366.35788467657454 483.47164135287784
408.9852027766858 623.0478288225522
593.2142817436717 606.7119823632756
394.44559843960036 474.48576488341797
542.3420019926974 517.8986175135498
143.41557692132574 149.55637909386542
712.8099130628425 341.3856678855886