1000
323.9047858308011 237.0506938365582
882.5427130404162 514.9085363574968
706.5409604457402 524.4873491219547
489.7046190766184 466.9030836627385
442.5969585070811 210.90093021385718
855.5913179916481 445.1789739640272
547.1857793232682 413.1057237803375
655.9424093739983 428.2861900502478
389.10218561669603 273.90071123380585
718.0738409988386 646.4402100983921
102.13374485684812 257.3769573651524
439.8138532300303 487.6516719772314
112.97974207998209 678.7276903131755
684.1650772320722 414.9825110794784
480.27916876247787 522.5300706090031
443.881385739916 561.6760169195172
380.2085908818434 491.63918120966304
34.387819524900806 327.50326196527135
493.77811746444576 287.5175747718397
406.6558944702712 242.1544405293477
137.95658528354738 498.18310712329605
591.4969752787198 541.2555151470779
773.328995274532 857.3261876219857
629.2782079487542 327.19773966997946
673.0052815169802 810.7540418753365
178.6713919989961 142.92175517154686
789.9544779253007 887.0175799644363
722.6844061822994 475.3161857886776
149.76002372859472 201.90010575498957
420.86704156480465 418.5697531791959
605.5754847814031 450.66566236126357
209.8568161390267 620.3273380648923
399.1248133685149 542.0154779959915
820.8824953572956 479.0525667384375
753.7016656702019 360.4507447104007
706.1280915797581 407.905813254327
488.5386986237896 516.9617274216041
556.2173999753752 698.007120174881
822.5948808062434 393.95987344485343
330.90918847180956 354.6673883123444
389.2959416916554 612.0103855963283
463.2844900423737 579.8312268815779
944.9982105808836 521.5328058528607
460.7360624707944 114.1545420937141
24.039842807614207 594.8225333359115
807.8144842347299 551.2358240197076
423.4605262810194 132.36311339823317
989.6129518755397 595.1243002229672
571.3860838975686 426.6706333909256
784.6474366819098 379.8921500783399
340.03137980382667 94.97744714045842
681.468472786552 905.2408473333792
944.1644749122019 581.7543279741891
554.906114744465 276.8908364880908
550.3595619769025 306.99593730395964
460.2687269858872 478.53571555344877
94.69736908066733 727.1183639959652
411.51287282958015 527.967925756956
132.992723536075 830.9445439653398
595.4513646704529 814.7515453381425
423.7080315390066 63.341824505558066
858.6071767616793 532.3932409246739
492.0527413888074 501.99679215974624
667.8428818926208 325.03427543910175
461.2742232923765 250.27564137745372
674.8520913704373 427.4137358443003
257.1332711199184 389.49520576918997
616.8327856015558 546.3914642686207
594.4558852288081 478.51448915152235
485.7873228421331 221.38116251385674
738.1722403915946 657.684980620202
797.658932506479 689.7249524225181
412.2138068681382 393.26409443075374
64.09912379003345 498.45479372920494
136.32664288376913 641.8883138097498
879.0792535588769 724.4956877205618
784.569638371957 108.80601361043938
269.48560589738145 157.67967668297678
643.5106009726449 524.2372696210266
560.350076363452 191.45439664921537
620.7330753958549 705.4274706566899
843.6323081177298 760.3708020977749
521.8263146538917 962.5552606163305
438.86330395973226 651.587713808227
529.575698269621 473.87960926024266
491.455978735446 501.01333580597264
951.8173065092749 293.1830346356929
748.4415387381536 749.2807830629112
469.46492248610747 497.55861136098787
295.6501645314139 357.26236012325694
182.3548962198355 621.0697326789247
716.8000723886263 530.0628485049565
885.910152080269 411.3264712741891
505.29149135244745 344.1843077000583
715.3827652014617 663.3017942172423
679.0742723573685 784.8471823973993
423.4393897146668 433.51098311401165
505.11334162167384 488.6859366207749
510.01643534376166 554.135023782624
502.60082394386035 501.4665208110974
474.18549093377095 544.7930976677524
770.3214760422502 273.53628390402383
507.3583809244158 485.82435060825406
569.1267657090475 575.8312838057092
608.3186729176567 233.50791010147532
374.5188476675854 310.09221796072904
329.6467587360159 722.7490220808525
97.12834397303226 719.930274996902
432.1507123009847 603.3192001801765
553.011295658082 992.8945779196417
199.20902766462393 235.27720176217673
713.067772920008 530.8771426316567
721.7189433478849 727.0269387405383
379.22155201609525 773.1328724001892
501.21586372120214 465.16875382297076
856.2552426787001 838.233807721127
847.2264298831009 265.769266979814
532.5129971659693 653.5537279537155
460.44524038429137 664.3060051511387
610.0886290078228 353.68222545123854
253.24633902120297 459.3505962581906
501.25066564740314 401.18237182730246
796.5418728233217 428.9768741889551
719.8260422216773 612.5772794384834
456.4913439271602 701.4881817380007
873.9339934401086 363.3344597975915
560.3033312458483 496.4166779232936
485.1522187861792 419.9167985436449
454.8867509946803 302.39407431079394
190.22667068225041 796.4666534417033
556.0593792941693 425.8302808184964
832.7970948218349 225.45705951510405
449.27031386783426 508.7717557522337
226.08526324462105 479.8636878708816
141.66842101748313 185.60618432825112
494.7748343130219 502.7292313301263
325.74540613671377 698.8009970015412
453.5912047853498 384.3299123249227
468.284381033731 460.9807810259905
86.71546137342995 543.0278814238604
208.47976991895018 251.99390930686832
653.1804546106741 773.1796171436994
493.0742212942136 497.5356821039186
721.7325168512351 372.92505656746954
663.4301109235339 621.938131660451
522.7822822507615 488.36167551147514
406.50646874368624 417.67619535661584
497.799145100323 556.4957239981765
341.0518441517719 682.4944523921813
485.4374312081216 489.7572120607868
511.746404647505 509.96625156528637
496.04910614343095 508.1037769754139
466.57113574460635 682.3010092269803
793.339576072533 417.84181663102703
117.98515687461384 380.19710966373884
590.8304572678405 629.3104428849828
603.5897549992295 520.9232270915398
422.2289815517027 713.7410039941152
494.15805699224273 493.94034858087974
224.06407854932309 374.5494905401665
700.1256048068002 414.59261009449335
866.451410977482 304.6206364451548
684.714626877276 621.0512431283742
497.4335883590737 502.71177117705645
488.23189019950996 536.036342641921
539.1229699735413 569.3598591856617
701.1298560847067 254.31254194882246
944.7205360172728 399.83926980602126
563.1305246179277 58.34568043753262
340.53341882613057 787.8225998985207
724.1665836143611 823.3816933491353
720.757752303731 425.14685129392524
476.52888271923973 331.3003339919594
881.3053296293929 415.79086605440204
109.37541356638008 661.320131272043
271.80167163521855 533.9317513950544
605.0146443258589 557.9843283093619
588.3497424234704 579.733645575134
490.30740670319614 503.50432267116616
455.96056533594566 283.32179678338036
739.9250545380231 657.3183880444763
374.06272917094094 921.9937254649075
638.0773189253202 948.0783407265126
484.25795068605663 567.5367712706768
478.50750619965515 556.0336531055538
624.3732233626614 650.5635457517133
611.3529122011018 424.0961597130033
867.4410470013968 789.4303595671894
646.6421773036328 759.4390602077711
265.9817623740473 76.00441700338291
511.5190284287562 437.161011595753
516.5563404623451 487.4674295273636
398.04857063380757 695.6050566278029
347.4237525140422 265.61579778230396
817.4050872766779 400.64274269468353
718.0890668920283 221.17907869566272
422.0804184429033 405.5242476410964
890.2010083843546 220.89448997825633
477.1474875704235 338.89896578115133
894.0956161595941 217.59677438436023
885.6969534347851 637.3640570852947
466.6855224587763 513.4154744761506
864.6118203597644 761.6496740387356
648.0640100418216 614.8002091220774
521.0002578420039 563.5011759998653
567.7765755063151 602.7738041403458
231.49048208184104 790.2567948364987
303.88440266745533 512.3523909531143
640.2017002516222 342.1035235999424
309.34898176820764 438.2877271598458
30.159439212532504 376.4505308615908
715.0338983769901 691.94517678359
597.074268180376 446.1514780639637
482.4208144874988 497.57510566929443
147.50413635421722 817.7763996421394
38.813076901951376 460.76058562882855
643.3516022124074 715.2388150850653
294.5415237051705 373.2416615362124
515.611326711274 522.110869193929
559.0053150181261 440.40720070330605
648.9089399872986 650.133858351738
462.8232574809694 24.684115465206844
846.3075359692593 673.2067955443492
180.2287470399756 807.240777901543
338.8809771711203 763.4620682582444
702.5881580686922 468.81540812658585
712.7228447830628 758.1986829479376
594.018874239788 582.9126798367278
398.20515595651773 909.5910827886679
152.89337269612025 536.0375191224811
323.59420494752345 720.54776942199
604.1776154896481 519.892191043659
741.4318542120964 424.93504890735267
614.2623444044194 536.6134226288439
331.17408824089307 853.3709148040018
351.81739156068863 663.7315398563009
245.4517006893204 512.8647813259573
741.6267405246602 245.43862101172292
412.7743252937105 575.4212673784846
151.5322480500232 823.7602396703162
292.2616615185186 554.9779738241403
527.8206334571266 475.4130345560154
949.0528821916027 466.4400733545703
519.8443323228242 487.1050165677121
500.626899598867 501.3666982980727
504.2548099705083 276.5173306732147
524.4066159305614 532.7958002179779
581.1224732763146 684.1270666880922
333.7207923486469 514.0314901200642
309.6407514789213 667.3273085342955
467.8008342228391 660.9679530281405
288.8659563357188 561.5704388349025
445.8925042004864 357.9388717181738
533.8362305734234 706.9685495994288
404.94635387881 72.53482316292099
681.0809606709485 624.3550387247591
496.03125983839425 490.274607237726
764.8641627745488 234.652024964203
547.4413105354234 359.90244886067177
556.8024091436405 401.33523931905904
922.7852143082549 489.5868246089837
586.2125747029618 224.10183063314054
464.49208052613074 143.89891317236857
866.0179114991349 672.4599846950241
279.41326875678885 691.9095312371614
478.133865813606 559.9824195053993
691.9866827802673 894.4491233605611
519.7115124080061 483.0955001850078
608.0096385636909 662.9011413424693
758.5613796880934 366.7808157515608
418.1437986297157 340.0189234592429
538.1118140674205 702.5182156288554
423.2404185628676 466.10447037546714
786.0947673581953 783.7128267447699
530.1072677079371 527.422612843261
504.19220252076394 680.1987336666992
201.97477960913142 490.94714096910513
262.996673878415 806.3214986510518
294.82206440669665 561.168825538213
160.18206951665508 360.2166473219338
698.2757513179065 666.627370147824
732.3969734703384 420.10653827308533
517.1638120920464 464.1793762198956
458.4456036899065 518.9001971299318
858.7570538186023 790.1749830291044
721.7159461996956 77.14811362333626
469.02163689520324 723.860487146168
595.6255981677881 457.3161944457374
467.8313103594667 469.4445555629832
381.6941256070059 199.38035642157132
680.3646609991174 634.5685306570866
513.9651140584078 528.20711079091
645.3781270829961 549.551720373735
534.4716817946534 335.48243655110616
704.2348821970021 567.6753157891445
484.7318120352572 222.82504750112963
912.0732922630264 622.6904845142632
863.8559895164325 529.802859689469
879.4476571639265 468.46262974923076
487.34551096258747 492.2405474747166
556.0236672810264 477.5433572146272
543.9125552813077 438.4617719684712
463.5847338999289 459.0878149661195
347.1926624605953 578.9280276077052
498.6640897787544 502.0508353347618
350.04305688849854 432.8615182493873
213.0068530198851 372.1871942323153
487.18952250788385 433.5081993296104
478.40958635608456 497.0522069677271
483.22314957184824 517.0943541334731
468.46345615129746 495.85799336658755
570.0824450650617 618.778155906893
498.56946565630204 533.1162212752342
370.7799825059786 153.71503161137042
510.7231675740193 472.82272560116746
428.8344187983069 272.38186962896725
250.51597270729687 574.5891965647706
493.3041676779189 235.02953495068215
450.4255433397873 635.3585203933569
499.9548372354675 447.7402051713468
503.8428116138069 4.565430372320577
546.6106845105301 659.4184655958368
491.44957026864876 535.1015910571786
454.4372478580509 519.5975436198021
565.3641757866199 537.7836595754363
454.0038322595662 507.73916091484244
455.43350491336736 177.402396040724
340.15336090246046 786.3260874258294
991.7447813586688 544.5554062859527
202.03793575997383 144.69022250989724
275.67818465626175 484.1697548826255
637.070814574691 533.2977746285204
551.7995150046795 24.84614573635332
248.3901790019325 298.1577899579554
240.7449170781748 290.3315175541568
632.7498290536182 638.3789911151971
727.4730002845304 474.0801848678309
500.050243052437 500.10227244626344
569.8826018228648 420.2571211990721
588.649106483701 330.739478530896
213.4449413200217 845.7799026988639
883.4756852662692 455.1508165992427
702.988285446698 590.2710251616238
953.5470617563797 456.89495952743954
287.05513942525465 371.66416859302444
223.74152435387577 883.4384664415375
604.8927380957304 477.7004766432915
523.0902997547698 85.80857351031318
806.8837379562754 332.584124893124
596.3206235272166 257.0631310644411
805.8278152016653 564.7865021667196
578.2463259168547 462.1184342415652
720.0808171844478 797.3620515249579
635.3461561127859 357.55235592610063
705.7179858609393 326.2165642308091
510.8952092068795 2.102392290057878
513.0051241251597 200.50237156979563
901.2287678841628 750.0606584105881
502.88736532718764 466.7696564831138
615.5062823590979 103.81971838089794
735.7295983050047 214.11331929306806
390.72305070680795 568.3357688898824
347.12971816251206 517.0668380612502
566.8156522518153 465.8054001222854
636.8551009278798 587.5836688592324
267.0210087308009 520.9013328248707
438.9700405136831 584.8075501355065
489.65171442143475 667.8039486026231
556.4958185133579 664.9281455024533
596.9194647031559 350.28106097639085
772.9046008626465 566.9232398449168
277.88965514265965 524.5364796092166
726.2879114558621 357.5090491323059
531.258262135468 840.4135216565414
807.1501056322663 818.5552885485134
329.15549704811224 533.792571069194
191.0123125124914 568.3941846751912
739.9442311602527 113.49718008932973
330.4273040911931 310.1698260092786
708.2732516589277 565.3216457359042
568.695146421433 850.5930018371737
700.4640448684486 652.5891509550218
616.6812399340735 526.1764584907543
229.22337090971985 670.876277014188
707.2111088425077 453.14082691655517
553.4879798125578 388.6183010666765
433.9789863779664 816.9341266692957
476.2542573671221 834.7721220348968
588.7900167568223 444.74715467897687
859.3242512990175 793.7213008370635
495.963470003066 505.02229651309887
485.6957264980542 498.2666828176755
451.22510146978607 992.3985788163122
705.9983216059355 570.8479044806575
722.0607500249891 444.2636155311296
172.24763807788293 160.01897015888312
866.627286518449 270.675838110538
541.6175913271583 705.4538329597883
499.18169229192375 509.5542805692141
624.9658238316405 179.82672239012913
510.4362238698934 526.5404903026997
797.4254323422709 591.3740196487735
390.5700638100563 137.11254514804477
577.1265696199387 504.2732909275814
451.5149359862147 959.6731351040875
450.7004204585258 497.81219360297814
334.5422036376182 547.2526561768506
721.0176209048535 539.7708219072709
558.3440258322939 946.7756884406672
162.7289848066377 416.43376953677256
900.4268031934464 759.7339987388473
735.2296751500032 565.0273273595984
441.69983838327477 726.4140323224401
453.50266860026915 454.96626477340965
530.5988949484308 462.04307896375417
154.97343669023934 626.2088747724338
208.8492993460045 749.7752783524749
685.4125026734296 691.2284847299325
566.8237566883805 452.328777067444
804.9252970068001 300.85666736212465
310.8893872465094 664.3874925376476
749.1630748014722 506.4208758044796
902.167510341847 342.5310619728866
228.06452492084566 779.263170771857
84.44449749209042 455.53657218039973
332.39869537642755 310.2357449296231
917.3671298404872 649.0978221308469
938.6345234512216 473.22398415804406
685.586803127688 82.88183166163805
670.990795026861 463.8750608793998
540.7295741602238 742.6254446567814
813.3959137654799 482.0816433420189
2.093623497775809 489.8170354026227
519.1180366744913 581.3859841066609
455.38785874220054 429.0538424253852
413.6055785824064 387.89206058846264
436.12665207820805 551.7034266489156
589.0094008637674 708.8851645529423
187.05509302494198 714.4937295744525
510.2519331702682 480.72404504555755
409.70494255507987 549.7260576938619
362.93203626053344 319.4037223826606
242.3758064781636 722.8743163901477
288.7522283016657 349.01126954696974
408.08791947431314 470.9782520223259
499.30032754051007 499.40726422226743
386.4216341557992 418.70302631641016
462.6511385332966 489.42452841279845
878.5979141317264 808.4567590854858
477.39048055478855 641.4074918038968
582.9915783859241 423.54669656364223
131.66790981132664 165.0535553686272
284.703348848416 886.4863323863256
738.2539295827279 629.0877143429326
505.6611120396929 589.7469820549345
132.90056522721034 302.1440403813206
600.3633949887325 642.3409239567898
401.1284995998724 519.4508721906456
618.9935306973914 648.2780738085698
246.64600923055826 418.027285942597
713.3232579256195 572.6752646164006
522.3226867757702 908.6664256665636
618.5150536036715 747.3970281265714
471.1775906306856 469.57096864750105
617.5579303092054 572.9400421677152
511.42563717847906 504.9593251879776
833.693915656795 225.93981721965145
600.5386546581486 737.6712025370027
630.9066373422183 422.42493523999303
508.43664614542996 623.5908140335873
479.57578849887966 531.6399147360167
485.22486011418704 462.8345416127777
375.25841945906296 474.703112989865
402.267221836741 485.7335774674562
468.010659239228 72.23634136962022
808.8386275573203 742.5661583079573
343.5414794285707 600.4249042338607
518.9822566442273 488.7799914819081
578.7390992930483 407.9508874400511
575.247920622134 758.0391638116021
475.74134681323375 532.6131034724002
497.5125234986445 513.6581861156026
417.90203925194965 517.192406333613
292.33765427000867 67.13650872136321
493.51075672455084 511.0484276509624
539.8186842563127 828.8354990802892
26.303719247315826 447.753931503294
492.4583960965167 505.828433290231
500.16351520323065 31.390064518852284
278.23204626191637 138.74560843058828
289.62032529020496 780.3335299943594
276.969944112143 799.9872532011668
321.889779524258 775.3699556380976
503.31647659527465 514.6865003391987
393.8061921466975 465.1505626267277
485.16721953224067 816.0526747991803
858.6852415175579 641.6915643735177
472.3031197529784 342.4873647600713
339.2772569532866 688.2561034539384
500.98357652161997 659.9167029677977
574.1469268414367 578.2684521868334
602.4994376321017 746.8837421708513
96.74549595001116 408.1862648677217
887.0213411879412 436.68992209475704
362.11425345825717 323.01005257443626
535.4448575516716 936.1828116592253
370.012096588634 775.398324087195
196.63100748571264 703.6026765779226
262.9663484997094 479.33151188567183
725.3470180758384 635.514899248138
337.92299196713066 790.2915402985288
502.1863460278423 634.424643482114
957.5563437444521 432.82609134960967
568.7179080217003 547.2626409529506
489.89505904876387 412.7834038633915
490.7899582670883 453.38390500856553
459.904286737217 680.5842469284931
406.75417232860457 739.4302004946545
615.8465139465526 576.88266885001
24.27233914384385 405.37843084124813
636.2838530990781 723.1227097471693
267.06779085122855 619.2484109175231
341.87684831336804 597.3674031944532
328.8695159739773 382.9691387726194
263.59771900811904 904.8438370360764
527.6519577326735 692.2757208093807
586.1476739356966 52.82487845546535
279.14832605121217 579.2769922378375
377.60533195300854 457.54124067053675
297.51761046742826 581.97927840735
761.6748037815535 733.7168120662343
489.2859193731411 454.5385450453584
317.9210392022521 399.001170250875
663.7608988986694 420.9272622784921
681.6362000638485 110.30566562286083
321.4200947527018 520.3125233312468
511.774497737266 509.6349567119145
703.4562293513163 422.3935496603612
348.3320316553809 463.59052587457245
629.2959240513262 197.91382952437215
503.40340911377075 494.9101894722813
774.6154754489145 703.5253630511319
882.3120921004833 238.05009463160786
449.8923398635292 445.4325941424761
315.4342772112557 359.3522195630202
485.138789689597 440.7397810139893
563.897948014454 453.0963595680403
294.6909553634067 520.4842084697448
455.87500702347376 412.5546720492872
723.6637815693853 649.7552943277906
146.05272999296562 628.7510295740389
478.8197287483387 472.1193240854777
524.9918258439336 586.605732939163
471.4311698374838 518.0203098287978
150.08181145223114 716.3656051597504
212.26113606417863 113.28669622421148
422.551726470494 300.92050045594823
337.77414136943383 123.02176210300871
519.655358498798 510.4730357336871
578.8300267068238 165.65662537517545
628.6594320722587 578.2328790999694
120.46705648228345 341.89563199217343
813.983410856654 421.94934760050324
398.9522532073731 678.4729219130918
682.2716500835359 659.8948663040624
540.7227204303423 530.9918944944369
237.40926586313435 833.1427626506943
190.33088024724674 611.4262993811531
460.27767438029537 508.35845985536963
560.6381333342389 542.256754331172
496.316640220288 493.44622612657906
399.4644615206299 240.82042054903843
519.3040050717586 821.8997116022142
431.86815706504893 453.54179237031593
605.8380738153838 29.522502137321453
449.8705661944134 622.941861833928
497.4419569571722 607.3487227211594
309.23596099264796 373.1299851674937
487.8159659722678 653.7923594911028
485.60184669657 459.0063713088718
517.6264159068932 402.08841851232984
258.7577829184336 662.1677638496786
601.2030846416244 511.14967003730453
493.79388406218357 514.35556476883
275.4525056178878 908.9258143312109
847.2123135538293 575.5562132821251
507.5971984430935 544.6836651781362
683.6994667414365 448.11925206672305
274.8534747192417 299.3598352934804
515.5455333838293 251.05098018396563
522.439386017062 441.88785557087954
482.72670676543345 348.5846259892128
707.9468659576905 552.0522626357052
669.8277925714077 455.8172779213233
101.04430937131093 595.6379099687872
599.7590089254871 541.6628133124283
629.5429448925134 706.4853944216468
170.06650028465754 514.6506230104271
443.61384138404486 211.09069637116886
461.5478409680375 591.9746126991417
163.59412951533454 758.1765945236734
752.7076363214898 111.32176607448031
394.66096303766125 231.76887492154367
512.6888538938014 690.7709238599549
473.24126167065464 560.1591861193451
412.85179518326527 653.3934996395295
721.249279098526 738.9519374331791
480.6876193325336 445.8580562527511
391.6393770993788 576.7706109205886
150.53558993576837 616.4111213143874
269.68338633304404 631.2737030908668
62.099809907238864 559.0532903611696
170.4876158579915 565.295849546068
767.3401515521905 644.5574434217383
209.77368897064463 685.4236836251553
478.76666579125424 368.3989783273668
273.1991024925982 556.2193488162254
310.89681525672705 140.8250189456852
263.4187769887919 390.0354203726833
759.9726931837122 896.42234416871
523.2958194364428 615.6495764991364
488.35434167410693 486.8625507656741
696.499559198289 616.9582744875183
375.7440374920376 541.9268026951326
84.45810710116132 746.3451571884716
556.6397564132936 321.4507907262197
492.8112342628083 397.2116008879435
241.90421424995338 587.2074591777232
44.45065204849186 592.3842744170003
926.881423340167 494.6850371016389
955.626911951188 305.3010922910304
755.2649818461165 350.7289651780168
516.0551304849349 476.3106591795002
872.7201200495062 329.5182981885532
741.1435482360346 548.1624699060394
327.6439067466646 600.4488587828513
972.1120404355 598.9998518736388
551.6911253982676 457.0573830355185
865.4535353190538 271.3344734884693
445.5068519342802 456.3091720455136
16.138116832475816 516.382209205226
513.132881730052 530.454135453942
551.6178909389096 495.7014285274098
431.0080334614322 373.26648880699855
540.2579600868837 971.4991736622005
411.259189340811 807.1811830137397
424.15935234317845 421.2482695369479
344.00111001148156 438.39418785527283
452.88980263757077 447.76666406028653
336.32547945308545 391.60264936223865
463.3747180245424 855.0156573478182
336.4731788883201 440.24558327055445
295.3216211428545 545.7262302945147
557.2568878047656 624.3835725132993
278.94483793231814 716.6352328934732
683.9024556779708 131.26726356872308
590.6865236508513 377.47583979590365
582.7146804257661 798.5003439783611
430.34892462897665 496.6174867484479
755.7387067079039 321.4937481391867
816.6337889258323 362.142853615132
354.11426040458014 175.70946082709162
343.83454966963177 560.7199145168377
551.3863682926414 500.5211893163321
548.3613405538226 644.7133761204941
657.4263538386506 598.7256839534759
538.5089364551467 994.7925153340627
428.9863508941158 687.2942752739958
489.63412996276804 342.4071562045818
228.29323923919054 422.8306501758069
405.80402171263904 643.4067610449166
643.7221067199869 462.5464332945506
839.765418087044 560.416009952865
143.1813088494702 283.9812303766678
944.1404883061355 447.67120338331915
68.69326367445314 720.7070022361719
503.5594057775242 473.5904136266892
639.3334333602265 479.1257087175027
667.0546782016124 459.17494116206547
500.41801727396233 481.8720573613557
742.1788239184498 737.0978166453319
343.07578249837513 592.7377661915305
553.8048024285579 487.59859950728804
575.537034530656 460.99904409476926
149.35799160192994 389.6321267912188
589.1504591784876 340.84918454792466
746.058977693008 661.5776800786563
895.4496524265223 636.5284343367852
75.62677759214836 328.2849233535236
826.3546608316824 236.47890520425562
743.2658704901442 480.4657756004715
517.044338326321 509.8179406949757
199.51823801709867 498.83596382296025
292.03363208195265 853.6444606623224
606.4087242411821 410.3935832336407
461.8380266966454 688.4863825215708
552.782422499808 551.3917183514463
565.3640035294012 498.7800931294955
604.548909799361 816.0566852472048
553.0377946950232 476.83449281357946
601.7045422896674 487.2681072509831
321.26591220687 106.17499475824985
348.18735150852496 77.45849850047586
872.4123441367269 634.8618440533912
303.11061350131445 465.7554596314228
685.7279998919051 462.18533420712515
713.9571392593846 228.78635450278847
398.5671838222306 553.748777487099
461.25326990213887 646.1350278488607
990.3703041793381 415.5438589004483
380.21853694461737 535.4500621299217
565.0076059513468 237.70786090258014
514.0897562940316 719.7101216253876
482.54584226491903 556.5895492280458
485.9375785982413 605.79626664677
255.82392045829965 601.4002543790817
857.2576904798694 676.2059898105126
730.4336382339479 222.54598613151148
654.3886457074666 261.18475449848256
684.3836109297928 220.70705911868265
854.2302452906417 742.5148767914504
33.03803786201826 398.93960529378705
727.5866369344363 310.85485449410226
437.2406686808818 293.27399118307903
334.70974814541603 678.8972890645762
403.1395091862775 350.3201672130673
298.4544196423956 550.8426799704412
895.2141378439776 416.15910073370367
475.0535107272781 450.71952644578295
59.51021780646107 437.45511291511036
905.5155704387928 307.2535448975407
283.7713680683433 132.03855868847575
127.41958686305742 480.30074443208935
528.8820793465649 489.9267394824368
774.1590996353677 172.1518891286716
559.6691814767144 327.64766683423454
478.49999319297063 503.0210598900802
591.3042025286555 596.5391826127603
520.5925689565524 520.4322225551482
679.4217039318974 194.02630012877808
551.5951370238021 466.9691197246263
187.37661719771444 234.3666271196347
341.8456818876019 42.15437219884387
530.071726834413 748.8631558455816
281.6362358492363 418.9181189880961
659.1253551874311 698.4530773743834
838.8085632880968 545.4998465264781
427.38125806754294 638.875990646326
615.6425880281615 679.6231551483522
633.4504995666562 216.2126215835321
520.349775997828 517.2944824176702
766.2578802698004 518.0925724612958
534.536155528756 365.7283102419918
317.13319453612223 178.3956210810981
446.4751219140698 381.9282351843256
87.55182535336587 590.1691451637074
536.7723139591279 113.79984489053959
499.30612359418166 499.3149962225069
795.249257115024 653.4859526601383
631.0035824822803 577.9050612183041
453.1818860103662 476.8534993536772
761.4329427100898 186.40828671799778
945.2435878215343 533.1000168568478
152.69105912284817 322.7816766645673
904.6976443015831 490.61333968555283
150.52548966891482 636.4879461865037
136.21902588033868 394.7957549943271
377.47682079795334 616.406017382885
466.6349441227255 183.55499364358673
579.254033347908 351.58842752968576
486.2817588314929 497.6708098666645
223.63202978059888 441.94296770939496
243.54051879004788 689.8604315727589
641.0971493362365 408.9986868838323
560.5483231704651 499.81075907806024
485.72940958287035 83.95876844460616
510.88180759435863 580.8720547354781
528.7078025397566 499.8394594239119
225.65759463111874 431.796197433765
477.6895221172736 428.88760133525705
482.6505607341252 820.0904482673209
181.94598661925005 372.35965538147826
450.15499946032685 301.13177834688986
248.9459246044333 562.8814537559829
618.1322094472098 910.9914449376552
598.6999509982511 372.283883856397
440.84144176542964 526.0457548177192
666.2911171373592 544.0768695819676
616.8677865855965 708.4740961301709
437.6260860207095 609.565438452131
318.4001639860817 403.32952555789905
558.8999164136463 435.95354823761454
529.9104947323981 524.6328300729662
665.3365593352577 584.1019341357942
561.6889680439122 778.709231232494
254.11669192959656 293.203954187166
570.3500204987745 492.3914696467542
613.6784719720256 799.9022936090112
736.2741791350213 477.45714694300113
602.4354394626055 419.7428774633189
488.4465417900486 367.6924967164524
634.893736903041 628.9112570777133
486.92425153038874 427.2653956613776
553.971509033245 363.19341052514505
276.64193826443704 345.92106386110953
235.044624677427 283.80410703723464
625.1263454453938 49.37035090384529
652.5625951925845 808.4168162577728
346.10704765690787 539.9460164978334
238.26132856197978 83.23379653816721
428.807207240765 946.8129961702241
498.31981981267796 501.10515675012635
659.4400705854473 493.2708654713798
634.9399674646138 348.0162114301653
694.6125884920755 462.54176459380443
722.7105568166853 904.7682972996191
252.03367467154746 576.3022996156342
462.02635002824684 689.8400848923241
276.0924185188417 543.7305416655005
418.6627510184378 806.1924760374084
279.0002448480002 595.7077772745457
502.8404866126024 502.96896048299027
611.0749528619132 564.4009931548807
497.1825624508259 487.1512775783606
346.2397431985522 894.0708209090919
637.757973911904 416.24126415849946
485.9139658562841 466.45854209417047
573.1837929303967 574.5579435111904
458.289039456474 393.2684249006676
355.35888335219363 547.3784923553775
366.3195833655059 934.1441932736602
516.705325350957 489.3533779277881
754.7253369843812 703.9703645184034
780.8208310773141 327.10160080234283
523.564484420934 996.926976340766
537.2755977047518 752.0720019127522
616.7721315355333 493.021936463061
550.001670354613 671.8559000197477
828.5338293186271 373.40568805611025
605.8207729502435 638.8797995382397
734.2047964071488 332.5973301853949
360.38145915283576 591.3781189303548
473.89773805836984 455.6788600525109
772.6038002794172 756.5294780051672
826.5776442587928 157.4355689099758
317.8850910335662 382.96471355348376
571.6629131919344 778.1208217511182
908.4887498092982 444.01329460134707
505.5699000262407 490.96750329146084
397.4303843380789 208.64240839330694
697.1695891569318 513.2771253414345
273.98808433846307 670.0907606765549
583.8400621226714 521.7166883461161
448.24914873350986 12.868936408513264
412.52507643676 449.8766863091412
853.5023916435829 597.2583893661449
879.1329916274519 752.68289620615
139.38767246502897 526.1859468789094
761.1960611675813 322.1775349958772
165.37726619198088 617.7590239090484
712.9358116012787 427.8959023509319
719.450612088122 552.5738602169151
172.66734118177862 268.42085504713486
664.1301021123805 481.3225151128559
275.8296643648216 633.9826411371239
54.09116325180463 639.4579679962198
542.0876346272858 457.5831349567409
703.3296595324615 375.78490911812565
990.3185814914102 478.1274119912287
364.7985906490727 779.295837893389
690.1680554204905 377.1428561014945
52.07396973775292 388.61820780977695
385.5750768102372 737.7103852639974
495.01701211697736 504.86036328386194
378.4876756232113 376.0489545176142
709.5727620889139 567.9862076285133
547.2034564602512 438.0988485193289
360.3870702774078 644.2348919883134
493.7070556493559 457.0107520832877
870.7796098882831 352.0180097100334
895.8993526562053 438.3373404830685
571.5739206660809 872.8850111262868
338.003202558592 207.15076245252698
450.9345777242098 381.7254472764672
514.9240504676036 459.6942110550665
176.93938381237592 787.2283104429355
428.6147380666871 16.519060794955806
725.0488688263425 231.3820067213373
410.02239505034447 905.7931058466835
882.8222226633143 373.9949532580166
343.9723585926703 595.6493246980788
543.6284716832683 992.8842303279557
840.9739809483957 370.9311880792877
293.2943385435475 746.4135908552018
629.4028122959646 467.16943877432794
319.07654320504 514.5220673345705
376.7633502820917 720.0882029559124
891.3316828640509 664.3034251504711
442.2321664168443 605.4007620337986
398.8652256306563 601.7634380874491
617.8844718160386 547.0050782495617
318.58468799613354 550.7535844078476
486.67725957265003 533.6368566672213
90.83047353342323 667.6867422534103
357.68282762796946 740.09735005724
413.26345296600834 415.1009641160292
601.8363527538899 708.6855632839165
85.17174080282194 630.470857905384
572.6863166320314 665.4798061847821
385.85030793820215 814.0032427787139
422.6891433560735 408.3265857224802
558.4231213878488 436.7840252797144
464.97614782364417 659.3952169654556
316.23784162095285 495.8933487432844
233.06246037484345 597.6154855615032
998.795883761174 467.7419960842001
606.0053571313716 640.1505863227038
110.56010321120272 718.2806805028026
205.7143169886745 838.2136965449175
643.4792107845419 849.9990532085037
452.1888128675246 5.432634888781024
705.7298087151675 332.747257899032
696.7809006972182 916.9016762117525
926.6326595369583 331.55647226907746
668.6419000278757 366.79519093543183
416.7760732675623 210.58673944508575
271.93902828157957 436.5384222612458
339.96902963285095 813.2451805207625
463.29761426821375 35.21982183037824
846.4551095292736 716.2172670510579
242.2399767419215 739.5241431868894
531.3224641208207 526.3981666551397
223.90403971786367 495.19018285531246
545.7408777936474 460.324187407961
200.5183649908218 125.14628887009127
290.19513709541854 280.6584346871566
406.2793481279341 461.5997206721153
450.5236044140215 272.30296041849294
306.20579161031503 308.356419075972
650.7256353826608 437.45109914132877
514.636202972165 535.4617244408084
87.09336128447188 556.8653905370289
238.71526016026297 383.7317406309951
499.83502140061637 497.80072672573664
268.7860990849455 62.42828241727017
537.1559177356453 540.7006422113222
561.2196149355544 646.8721795667276
659.9941745119912 255.45272919914078
744.9878815699971 357.66193544056773
481.4368729057978 706.6904491488854
176.1799089040905 276.2456309565256
987.4727038221043 438.39554662254864
457.97202976962313 275.34544675952486
486.88294206781785 500.0723368464026
554.9829302740101 658.5023890710173
599.9495409576174 495.7567461922296
416.94959959618734 755.2352915761144
394.9328583826776 466.20698644570444
505.1690682451839 672.3934631421054
534.5949589875379 486.43959849180436
476.40158072566743 720.8239340029247
696.0800320942953 112.63394744205357
775.9892609059269 377.04457680447865
574.2062286309944 487.20632522003945
275.920761414136 543.9795515240016
909.9388312957367 603.3147049030276
417.12730818740044 437.8521257076517
551.236493497743 131.2260983928802
536.7407570823846 584.9715106593985
584.6619714748723 347.7030391825237
448.2082475750371 505.4678936491805
680.9718934867315 558.6143366720928
492.80029185688255 509.35305244588557
15.31165795877331 501.9986262489649
457.30965590206335 252.64203654924836
737.5494797314063 211.74645091735647
704.1909075772712 444.94364469480666
623.0810391718238 938.0288448113588
192.67114555366675 557.0389920914921
438.92183196304995 141.85384799327085
804.0598082354006 634.5190705418286
515.5929818286966 697.5024638233771
418.18293937308863 482.63443578012215
746.5407454419797 279.5435042616572
524.9103355781541 487.1305919622976
546.2017529345566 556.3874739684762
68.80618540579854 351.8476995742859
795.4178887901173 111.97711259495594
699.323922861626 512.5150130793306
430.73202645423265 720.4644361010596
435.70135876318807 184.18195463598192
291.1764612105833 837.494342634013
201.68927685796268 762.2301835400558
691.3345682987708 428.5625677457232
826.2444292586893 544.594936025002
894.7542923132517 805.4088241172523
399.0870996669681 565.4418543020023
336.48805156345963 444.8370219295326
302.8441753988459 755.5704854819624
508.7631808383619 395.4327195451727