20
633.8167735757945 330.3041889557851
203.95263595810962 452.02761858700484
764.6393968119442 273.0880816329445
533.7458934395135 216.58676097526734
666.2526336305293 709.846039382374
817.5804513035872 353.61089468906766
92.66375418782252 495.8801675230312
501.71261712511034 500.64832446372094
375.9649451027755 567.3230841370215
629.5347972114973 406.61485945328036
424.91824083973995 613.8889840870935
490.2281101198072 352.18929923132566
764.0095223810436 253.08173625911397
461.5632565935286 537.4140100933141
473.71552588498986 281.4505960586329
211.44232682230916 615.671671632024
787.5660087338108 771.4575426466404
440.9704552843555 701.2988721660104
780.6412644506064 168.98202641660123
181.04345146683727 807.5314151331966